00000000000000100000000011111101
00000000000000100000000100011010
00000000000000000000010011111011
00000000000000000000010100011010
00000000000000000000010100001011
00000000000000000000010000100000
00000000000000000010100111011000
00000000000000000000010000100010
00000000000000000000010000001010
00000000000000000000010000001000
00000000000000000000010100001001
00000000000000000000000100101111
00000000000000000000010011110100
00000000000000000000010000001000
00000000000000000000010000001001
00000000000000000010100111100000
00000000000000000010100111100000
00000000000000000000010000001001
00000000000000000000010100000000
00000000000000000000010000001010
00000000000000000000010011111101
00000000000000000000010011111101
00000000000000000010100111010000
00000000000000100000000011111101
00000000000000100000000100011010
00000000000000000000010000100101
00000000000000000000010000100100
00000000000000000000010000100000
00000000000000000010100111011000
00000000000000000000010000011111
00000000000000000000010100011010
00000000000000000000010100001011
00000000000000000010100111010001
00000000000000000000010000100100
00000000000000000000010100010010
00000000000000000000000100101111
00000000000000000000010000100110
00000000000000000000010000100110
00000000000000000000010100000000
00000000000000000010100111010111
00000000000000000010100111010001
00000000000000000000010000011111
00000000000000000000010000100101
00000000000000000000010000100010
00000000000000000010100111010000
00000000000000100000000011111101
00000000000000100000000100011010
00000000000000000000010011111011
00000000000000000000010100011010
00000000000000000000010100001011
00000000000000000000010000100000
00000000000000000010100111011000
00000000000000000000010000100010
00000000000000000000010000001010
00000000000000000000010000001000
00000000000000000000010100001001
00000000000000000000000100101111
00000000000000000000010011110100
00000000000000000000010000001000
00000000000000000000010000001001
00000000000000000010100111100000
00000000000000000010100111100000
00000000000000000000010000001001
00000000000000000000010100000000
00000000000000000000010000001010
00000000000000000000010011111101
00000000000000000000010011111101
00000000000000000010100111010000
00000000000000100000000011111101
00000000000000100000000100011010
00000000000000000000010000100101
00000000000000000000010000100100
00000000000000000000010000100000
00000000000000000010100111011000
00000000000000000000010000011111
00000000000000000000010100011010
00000000000000000000010100001011
00000000000000000010100111010001
00000000000000000000010000100100
00000000000000000000010100010010
00000000000000000000000100101111
00000000000000000000010000100110
00000000000000000000010000100110
00000000000000000000010100000000
00000000000000000010100111010011
00000000000000000010100111010001
00000000000000000000010000011111
00000000000000000000010000100101
00000000000000000000010000100010
00000000000000000010100111010000
00000000000000100000000011111101
00000000000000100000000100011010
00000000000000000000010011111011
00000000000000000000010100011010
00000000000000000000010100001011
00000000000000000000010000100000
00000000000000000010100111011000
00000000000000000000010000100010
00000000000000000000010000001010
00000000000000000000010000001000
00000000000000000000010100001001
00000000000000000000000100101111
00000000000000000000010011110100
00000000000000000000010000001000
00000000000000000000010000001001
00000000000000000010100111100000
00000000000000000010100111100000
00000000000000000000010000001001
00000000000000000000010100000000
00000000000000000000010000001010
00000000000000000000010011111101
00000000000000000000010011111101
00000000000000000010100111010000
00000000000000100000000011111101
00000000000000100000000100011010
00000000000000000000010000100101
00000000000000000000010000100100
00000000000000000000010000100000
00000000000000000010100111011000
00000000000000000000010000011111
00000000000000000000010100011010
00000000000000000000010100001011
00000000000000000010100111010001
00000000000000000000010000100100
00000000000000000000010100010010
00000000000000000000000100101111
00000000000000000000010000100110
00000000000000000000010000100110
00000000000000000000010100000000
00000000000000000010100111010111
00000000000000000010100111010001
00000000000000000000010000011111
00000000000000000000010000100101
00000000000000000000010000100010
00000000000000000010100111010000
00000000000000100000000011111101
00000000000000100000000100011010
00000000000000000000010011111011
00000000000000000000010100011010
00000000000000000000010100001011
00000000000000000000010000100000
00000000000000000010100111011000
00000000000000000000010000100010
00000000000000000000010000001010
00000000000000000000010000001000
00000000000000000000010100001001
00000000000000000000000100101111
00000000000000000000010011110100
00000000000000000000010000001000
00000000000000000000010000001001
00000000000000000010100111100000
00000000000000000010100111100000
00000000000000000000010000001001
00000000000000000000010100000000
00000000000000000000010000001010
00000000000000000000010011111101
00000000000000000000010011111101
00000000000000000010100111010000
00000000000000100000000011111101
00000000000000100000000100011010
00000000000000000000010000100101
00000000000000000000010000100100
00000000000000000000010000100000
00000000000000000010100111011000
00000000000000000000010000011111
00000000000000000000010100011010
00000000000000000000010100001011
00000000000000000010100111010001
00000000000000000000010000100100
00000000000000000000010100010010
00000000000000000000000100101111
00000000000000000000010000100110
00000000000000000000010000100110
00000000000000000000010100000000
00000000000000000010100111010011
00000000000000000010100111010001
00000000000000000000010000011111
00000000000000000000010000100101
00000000000000000000010000100010
00000000000000000010100111010000
00000000000000100000000011111101
00000000000000100000000100011010
00000000000000000000010011111011
00000000000000000000010100011010
00000000000000000000010100001011
00000000000000000000010000100000
00000000000000000010100111011000
00000000000000000000010000100010
00000000000000000000010000001010
00000000000000000000010000001000
00000000000000000000010100001001
00000000000000000000000100101111
00000000000000000000010011110100
00000000000000000000010000001000
00000000000000000000010000001001
00000000000000000010100111100000
00000000000000000010100111100000
00000000000000000000010000001001
00000000000000000000010100000000
00000000000000000000010000001010
00000000000000000000010011111101
00000000000000000000010011111101
00000000000000000010100111010000
00000000000000100000000011111101
00000000000000100000000100011010
00000000000000000000010000100101
00000000000000000000010000100100
00000000000000000000010000100000
00000000000000000010100111011000
00000000000000000000010000011111
00000000000000000000010100011010
00000000000000000000010100001011
00000000000000000010100111010001
00000000000000000000010000100100
00000000000000000000010100010010
00000000000000000000000100101111
00000000000000000000010000100110
00000000000000000000010000100110
00000000000000000000010100000000
00000000000000000010100111010111
00000000000000000010100111011000
00000000000000000010100111010001
00000000000000000000010100001011
00000000000000000000010000011111
00000000000000000000010000100101
00000000000000000000010000001010
00000000000000000000010000100010
00000000000000000010100111010000
00000000000000100000000011111101
00000000000000000000010100011010
00000000000000000000010000100000
00000000000000000000010011011000
00000000000000100000000100011010
00000000000000000000010000011100
00000000000000000000010011011001
00000000000000000000010100001001
00000000000000000000000100101111
00000000000000000000010100011100
00000000000000000000010011011001
00000000000000000000010000011100
00000000000000000000010011011000
00000000000000000000010011111011
00000000000000000000010100001011
00000000000000000000010000100010
00000000000000000000010000001000
00000000000000000000010100001001
00000000000000000010100111011000
00000000000000000000010011110100
00000000000000000000010000001001
00000000000000000010100111100000
00000000000000000000010000001010
00000000000000000010100111010000
00000000000000100000000011111101
00000000000000000000010100011010
00000000000000100000000100011010
00000000000000000000000100101111
00000000000000000000010000100000
00000000000000000000010011111101
00000000000000000000010011111101
00000000000000000010100111010000
00000000000000100000000011111101
00000000000000100000000100011010
00000000000000000000010011111011
00000000000000000000010000100010
00000000000000000000010011110100
00000000000000000010100111010010
00000000000000000000010000001000
00000000000000000000010100001001
00000000000000000010100111010010
00000000000000000010100111100000
00000000000000000000010000001001
00000000000000000000010000001010
00000000000000000000010000100100
00000000000000000000010000100000
00000000000000000010100111011000
00000000000000000000000100101111
00000000000000000000010000011111
00000000000000000000010100011010
00000000000000000000010100001011
00000000000000000010100111010001
00000000000000000000010000100101
00000000000000000000010100010010
00000000000000000000010100000000
00000000000000000000010000100100
00000000000000000000010000100110
00000000000000000000010000100110
00000000000000000000010100000000
00000000000000000010100111010011
00000000000000000010100111010001
00000000000000000000010000011111
00000000000000000000010000100101
00000000000000000010100111010000
00000000000000100000000011111101
00000000000000100000000100011010
00000000000000000000010011111101
00000000000000000000010011111101
00000000000000000000010000100010
00000000000000000010100111010000
00000000000000100000000011111101
00000000000000100000000100011010
00000000000000000000010011111011
00000000000000000000010100011010
00000000000000000000010100001011
00000000000000000000010000100000
00000000000000000010100111011000
00000000000000000000010000100010
00000000000000000000000100101111
00000000000000000000010000001010
00000000000000000000010000001000
00000000000000000000010100001001
00000000000000000000010011110100
00000000000000000010100111010010
00000000000000000000010000001000
00000000000000000000010000001001
00000000000000000000010100001001
00000000000000000010100111010010
00000000000000000010100111100000
00000000000000000010100111100000
00000000000000000000010000001001
00000000000000000000010000100100
00000000000000000000010000100000
00000000000000000000010000011111
00000000000000000010100111010001
00000000000000000000010100011010
00000000000000000000010000100101
00000000000000000000010100010010
00000000000000000000010100000000
00000000000000000000010000100100
00000000000000000000010000100110
00000000000000000000010100001011
00000000000000000000010000100110
00000000000000000000010100000000
00000000000000000010100111011000
00000000000000000010100111010111
00000000000000000010100111010001
00000000000000000000010000011111
00000000000000000000010000100101
00000000000000000000010000001010
00000000000000000000000100101111
00000000000000000010100111010000
00000000000000100000000011111101
00000000000000100000000100011010
00000000000000000000010011111101
00000000000000000000010011111101
00000000000000100000000011110101
00000000000000100000000011110101
00000000000000000000010000100010
00000000000000000010100111010000
00000000000000100000000011111101
00000000000000000000010100011010
00000000000000100000000100011010
00000000000000000000010000100000
00000000000000000000010011111011
00000000000000000000010100001011
00000000000000000000010000100010
00000000000000000000010000001000
00000000000000000000010100001001
00000000000000000000010011110100
00000000000000000010100111011000
00000000000000000000010000001000
00000000000000000000010000001001
00000000000000000000010100001001
00000000000000000010100111100000
00000000000000000010100111100000
00000000000000000000010000001001
00000000000000000000010000001010
00000000000000000000010000100100
00000000000000000000010000100000
00000000000000000000000100101111
00000000000000000000010000011111
00000000000000000010100111010001
00000000000000000000010100011010
00000000000000000000010000100101
00000000000000000000010100010010
00000000000000000000010100000000
00000000000000000000010000100100
00000000000000000000010000100110
00000000000000000000010000100110
00000000000000000000010100000000
00000000000000000010100111010111
00000000000000000010100111011000
00000000000000000010100111010001
00000000000000000000010100001011
00000000000000000000010000011111
00000000000000000000010000100101
00000000000000000010100111010000
00000000000000100000000011111101
00000000000000100000000100011010
00000000000000000000010011111101
00000000000000000000010011111101
00000000000000100000000011110101
00000000000000000000010100001010
00000000000000100000000011110101
00000000000000000000010100011010
00000000000000000000010100001010
00000000000000000000010000100000
00000000000000000000000100101111
00000000000000000000010000001010
00000000000000000000010000100010
00000000000000000010100111010000
00000000000000100000000011111101
00000000000000100000000100011010
00000000000000000000010011111011
00000000000000000000010100001011
00000000000000000000010000100010
00000000000000000000010000001000
00000000000000000000010100001001
00000000000000000000010011110100
00000000000000000010100111011000
00000000000000000000010000001000
00000000000000000000010000001001
00000000000000000000010100001001
00000000000000000010100111100000
00000000000000000010100111100000
00000000000000000000010000001001
00000000000000000000010000001010
00000000000000000000010000100100
00000000000000000000010000100000
00000000000000000000010000011111
00000000000000000010100111010001
00000000000000000000010100011010
00000000000000000000010000100101
00000000000000000000000100101111
00000000000000000010100111010011
00000000000000000010100111010011
00000000000000000000010100010010
00000000000000000000010100000000
00000000000000000000010000100100
00000000000000000000010000100110
00000000000000000000010100001011
00000000000000000000010000100110
00000000000000000000010100000000
00000000000000000010100111010111
00000000000000000010100111011000
00000000000000000010100111010001
00000000000000000000010000011111
00000000000000000000010000100101
00000000000000000010100111010000
00000000000000100000000011111101
00000000000000100000000100011010
00000000000000000000010011111101
00000000000000000000010011111101
00000000000000100000000011110101
00000000000000100000000011110101
00000000000000000000010100011010
00000000000000000000010000100000
00000000000000000000000100101111
00000000000000000000010000001010
00000000000000000000010000100010
00000000000000000010100111010000
00000000000000100000000011111101
00000000000000100000000100011010
00000000000000000000010011111011
00000000000000000000010100001011
00000000000000000000010000100010
00000000000000000000010000001000
00000000000000000000010100001001
00000000000000000000010011110100
00000000000000000000010000001000
00000000000000000000010000001001
00000000000000000000010100001001
00000000000000000010100111011000
00000000000000000010100111100000
00000000000000000010100111100000
00000000000000000000010000001001
00000000000000000000010000001010
00000000000000000000010000100100
00000000000000000000010000100000
00000000000000000000010000011111
00000000000000000010100111010001
00000000000000000000010100011010
00000000000000000000010000100101
00000000000000000000000100101111
00000000000000000000010100010010
00000000000000000000010100000000
00000000000000000000010000100100
00000000000000000000010000100110
00000000000000000000010000100110
00000000000000000000010100000000
00000000000000000010100111010111
00000000000000000010100111010001
00000000000000000000010100001011
00000000000000000000010000011111
00000000000000000000010000100101
00000000000000000010100111010000
00000000000000100000000011111101
00000000000000100000000100011010
00000000000000000000010011111101
00000000000000000000010011111101
00000000000000000010100111011000
00000000000000100000000011110101
00000000000000000010100111011001
00000000000000100000000011110101
00000000000000000000010100011010
00000000000000000000010000100000
00000000000000000000000100101111
00000000000000000000010000001010
00000000000000000000010000100010
00000000000000000010100111010000
00000000000000100000000011111101
00000000000000100000000100011010
00000000000000000000010011111011
00000000000000000000010100001011
00000000000000000000010000100010
00000000000000000000010000001000
00000000000000000000010100001001
00000000000000000000010011110100
00000000000000000000010000001000
00000000000000000000010000001001
00000000000000000000010100001001
00000000000000000010100111100000
00000000000000000010100111011001
00000000000000000010100111100000
00000000000000000000010000001001
00000000000000000000010000001010
00000000000000000000010000100100
00000000000000000000010000100000
00000000000000000010100111011000
00000000000000000000010000011111
00000000000000000000010100001011
00000000000000000010100111010001
00000000000000000000010100011010
00000000000000000000000100101111
00000000000000000000010000100101
00000000000000000000010100010010
00000000000000000000010100000000
00000000000000000000010000100100
00000000000000000000010000100110
00000000000000000010100111010000
00000000000000100000000011111101
00000000000000100000000100011010
00000000000000000000010000100110
00000000000000000000010100000000
00000000000000000010100111011000
00000000000000000010100111010001
00000000000000000000010000011111
00000000000000000000010000100101
00000000000000000000010011111101
00000000000000000000010011111101
00000000000000000010100111011001
00000000000000100000000011110101
00000000000000100000000011110101
00000000000000000000010100001011
00000000000000000000010000001010
00000000000000000000010000100010
00000000000000000010100111010000
00000000000000100000000011111101
00000000000000000000010100011010
00000000000000100000000100011010
00000000000000000000000100101111
00000000000000000000010000100000
00000000000000000000010011111011
00000000000000000000010000100010
00000000000000000000010000001000
00000000000000000000010100001001
00000000000000000000010011110100
00000000000000000000010000001000
00000000000000000000010000001001
00000000000000000000010100001001
00000000000000000010100111100000
00000000000000000010100111100000
00000000000000000000010000001001
00000000000000000000010000001010
00000000000000000000010000100100
00000000000000000000010000100000
00000000000000000000010000011111
00000000000000000000010100001011
00000000000000000010100111010001
00000000000000000000010100011010
00000000000000000010100111011001
00000000000000000000010000100101
00000000000000000010100111011000
00000000000000000000010100010010
00000000000000000000010100000000
00000000000000000000010000100100
00000000000000000000000100101111
00000000000000000000010000100110
00000000000000000010100111010000
00000000000000100000000011111101
00000000000000100000000100011010
00000000000000000000010000100110
00000000000000000000010100000000
00000000000000000010100111010001
00000000000000000000010000011111
00000000000000000000010000100101
00000000000000100000000011110101
00000000000000000000010100001011
00000000000000100000000011110101
00000000000000000000010000001111
00000000000000000010100111011000
00000000000000000000010000001111
00000000000000000000010011111101
00000000000000000000010011111101
00000000000000000010100111011001
00000000000000000000010000100000
00000000000000000000010100011010
00000000000000000000010000001010
00000000000000000000010000100010
00000000000000000010100111010000
00000000000000100000000011111101
00000000000000100000000100011010
00000000000000000000010011111011
00000000000000000000010100001011
00000000000000000000010000100010
00000000000000000000000100101111
00000000000000000000010000001000
00000000000000000000010100001001
00000000000000000000010011110100
00000000000000000010100111010010
00000000000000000000010000001000
00000000000000000000010000001001
00000000000000000000010100001001
00000000000000000010100111010010
00000000000000000010100111100000
00000000000000000010100111100000
00000000000000000000010000001001
00000000000000000000010000001010
00000000000000000000010000100100
00000000000000000000010000100000
00000000000000000000010000011111
00000000000000000010100111010001
00000000000000000000010100011010
00000000000000000010100111011001
00000000000000000000010000100101
00000000000000000000010100001011
00000000000000000010100111010000
00000000000000100000000011111101
00000000000000100000000100011010
00000000000000000000010000100011
00000000000000000000000100101111
00000000000000000000010011111101
00000000000000000000010100000000
00000000000000000000010000100110
00000000000000000010100111010011
00000000000000000000010000100010
00000000000000000000010011111011
00000000000000000000010000100010
00000000000000000000010000100100
00000000000000000000010000100110
00000000000000000000010100000000
00000000000000000010100111010011
00000000000000000010100111010001
00000000000000000000010100001011
00000000000000000000010000011111
00000000000000000000010000100101
00000000000000000000010000001010
00000000000000000010100111010000
00000000000000100000000011111101
00000000000000100000000100011010
00000000000000000000010011111101
00000000000000000010100111011001
00000000000000000000010000100000
00000000000000000000010100011010
00000000000000000000000100101111
00000000000000000000010000100011
00000000000000000010100111010111
00000000000000000000010000010110
00000000000000000000010011010111
00000000000000000010100111010011
00000000000000000000010000100010
00000000000000000000010011010111
00000000000000000000010000100111
00000000000000000000010000100111
00000000000000000000010000101000
00000000000000000000010000101011
00000000000000000000010000101000
00000000000000000000010000101001
00000000000000000000010000101001
00000000000000000000010000101010
00000000000000000010100111010000
00000000000000100000000011111101
00000000000000100000000100011010
00000000000000000000010000100000
00000000000000000010100111010011
00000000000000000000010000100101
00000000000000000000010000100101
00000000000000000000010000101011
00000000000000000000010000101010
00000000000000000000010000010110
00000000000000000010100111010111
00000000000000000010100111011001
00000000000000000000010000100011
00000000000000000000010011111101
00000000000000000000010100011010
00000000000000000000000100101111
00000000000000000000010000100010
00000000000000000000010000011111
00000000000000000000010000001010
00000000000000000010100111010011
00000000000000000010100111010000
00000000000000100000000011111101
00000000000000100000000100011010
00000000000000000000010000100100
00000000000000000000010000100000
00000000000000000000010100001011
00000000000000000010100111010001
00000000000000000000010000100101
00000000000000000000010000100110
00000000000000000000010100000000
00000000000000000000010011111101
00000000000000000000010000100010
00000000000000000010100111010111
00000000000000000010100111010000
00000000000000100000000011111101
00000000000000100000000100011010
00000000000000000000010000100110
00000000000000000010100111010011
00000000000000000000010100000000
00000000000000000000010000100100
00000000000000000010100111011001
00000000000000000010100111010001
00000000000000000000010100001011
00000000000000000000010000011111
00000000000000000000010000100000
00000000000000000000010000100101
00000000000000000000010100011010
00000000000000000000010000001010
00000000000000000000000100101111
00000000000000000000010000100011
00000000000000000010100111011000
00000000000000000000010011111101
00000000000000000000010100000000
00000000000000000010100111010011
00000000000000000010100111010000
00000000000000100000000011111101
00000000000000000000010000100010
00000000000000000000010011111101
00000000000000100000000100011010
00000000000000000000010000100010
00000000000000000000010000100000
00000000000000000000010100001011
00000000000000000010100111010001
00000000000000000000010000011111
00000000000000000000010000100100
00000000000000000000010100011010
00000000000000000000010000100101
00000000000000000010100111011001
00000000000000000000010000100110
00000000000000000010100111010111
00000000000000000010100111010000
00000000000000100000000011111101
00000000000000000010100111010111
00000000000000000000010000100110
00000000000000000010100111011000
00000000000000000000010100000000
00000000000000000000010000100100
00000000000000000010100111010001
00000000000000000000010100001011
00000000000000000000010000011111
00000000000000000000010000100101
00000000000000000000010000100011
00000000000000000000000100101111
00000000000000000000010000001010
00000000000000000000010000001010
00000000000000000010100111010011
00000000000000000010100111010000
00000000000000100000000011111101
00000000000000000000010100011010
00000000000000100000000100011010
00000000000000000000010011111101
00000000000000000000010000100000
00000000000000000010100111011001
00000000000000000000010000100010
00000000000000000000010011111101
00000000000000100000000100011010
00000000000000000000010000100011
00000000000000000010100111010001
00000000000000000000010000011111
00000000000000000000010100010010
00000000000000000000010000100100
00000000000000000000010000100110
00000000000000000000010100001011
00000000000000000000000100101111
00000000000000000000010100000000
00000000000000000000010000100101
00000000000000000010100111010111
00000000000000000010100111010001
00000000000000000000010000011111
00000000000000000000010000001010
00000000000000000000010000100011
00000000000000000000010011111011
00000000000000000000010000100010
00000000000000000010100111011001
00000000000000000000010100011010
00000000000000000010100111010000
00000000000000000000010000100000
00000000000000100000000011111101
00000000000000100000000100011010
00000000000000000000010011111101
00000000000000000000010000100100
00000000000000000000010100001011
00000000000000000000010000100110
00000000000000000000000100101111
00000000000000000000010100000000
00000000000000000000010000100101
00000000000000000010100111010011
00000000000000000010100111010001
00000000000000000000010000011111
00000000000000000000010000100011
00000000000000000000010000001010
00000000000000000000010000100001
00000000000000000000010000100001
00000000000000000000010000001010
00000000000000000010100111010000
00000000000000100000000011111101
00000000000000000000010011111101
00000000000000100000000100011010
